%YAML:1.0
---
R: !!opencv-matrix
   rows: 3
   cols: 3
   dt: d
   data: [ 9.9995120214957300e-01, 2.8182681380047900e-03,
       9.4684045290664518e-03, -2.9716284316091885e-03,
       9.9986399518203872e-01, 1.6222224356618655e-02,
       -9.4213982024002677e-03, -1.6249569327041462e-02,
       9.9982357881408135e-01 ]
T: !!opencv-matrix
   rows: 3
   cols: 1
   dt: d
   data: [ -5.9723575655535242e+01, 7.7514682706030513e-02,
       6.4900931094830727e-01 ]
R1: !!opencv-matrix
   rows: 3
   cols: 3
   dt: d
   data: [ 9.9999755533212054e-01, 1.6970343984222236e-03,
       -1.4175344909926207e-03, -1.6854776034643082e-03,
       9.9996565615679389e-01, 8.1145346237960232e-03,
       1.4312564517940944e-03, -8.1121255638171661e-03,
       9.9996607188634457e-01 ]
R2: !!opencv-matrix
   rows: 3
   cols: 3
   dt: d
   data: [ 9.9994011850896758e-01, -1.2978131359429807e-03,
       -1.0866235656194986e-02, 1.2096076884486801e-03,
       9.9996630042414492e-01, -8.1200286507425341e-03,
       1.0876407748509398e-02, 8.1063985291254716e-03,
       9.9990799079584070e-01 ]
P1: !!opencv-matrix
   rows: 3
   cols: 4
   dt: d
   data: [ 5.3915745920924621e+02, 0., 3.2534056091308594e+02, 0., 0.,
       5.3915745920924621e+02, 2.4234723281860352e+02, 0., 0., 0., 1.,
       0. ]
P2: !!opencv-matrix
   rows: 3
   cols: 4
   dt: d
   data: [ 5.3915745920924621e+02, 0., 3.2534056091308594e+02,
       -3.2202339629441311e+04, 0., 5.3915745920924621e+02,
       2.4234723281860352e+02, 0., 0., 0., 1., 0. ]
Q: !!opencv-matrix
   rows: 4
   cols: 4
   dt: d
   data: [ 1., 0., 0., -3.2534056091308594e+02, 0., 1., 0.,
       -2.4234723281860352e+02, 0., 0., 0., 5.3915745920924621e+02, 0.,
       0., 1.6742803951931371e-02, 0. ]
