%YAML:1.0
---
M1: !!opencv-matrix
   rows: 3
   cols: 3
   dt: d
   data: [ 5.6817746206153345e+02, 0., 3.1768199624328963e+02, 0.,
       7.5603382488442855e+02, 2.4010992130395630e+02, 0., 0., 1. ]
D1: !!opencv-matrix
   rows: 1
   cols: 14
   dt: d
   data: [ -1.4504446379165253e-01, 9.2055368887421363e-01, 0., 0., 0.,
       0., 0., 1.4728699853773513e+00, 0., 0., 0., 0., 0., 0. ]
M2: !!opencv-matrix
   rows: 3
   cols: 3
   dt: d
   data: [ 5.6817746206153345e+02, 0., 3.2090264219096923e+02, 0.,
       7.5603382488442855e+02, 2.4394044722693238e+02, 0., 0., 1. ]
D2: !!opencv-matrix
   rows: 1
   cols: 14
   dt: d
   data: [ -1.0957350665626944e-01, 8.0828555838350047e-01, 0., 0., 0.,
       0., 0., 1.7124466942977579e+00, 0., 0., 0., 0., 0., 0. ]
